672
459
366
545
981
664
269
905
526
272
6268
378
1368
500
851
379
1263
961
518
1436
712
1482
581
953
588
462
3419
501
599
724
540
524
984
510
1184
933
709
1880
614
1305
1332
428
839
1131
2696
643
568
1856
369
1075
894
561
361
1528
565
359
194
1272
467
868
766
1352
360
513
513
2293
364
500
708
1299
720
507
928
435
746
2744
494
632
715
503
360
787
727
861
645
513
2205
464
490
1015
1208
367
565
1355
865
564
828
509
365
358
513
536
736
817
1148
480
1157
850
1985
1360
11643
521
370
1448
491
375
639
785
370
912
736
576
935
2227
1516
914
491
655
1699
1065
521
960
633
373
1629
369
955
510
509
705
492
1773
850
528
542
361
486
1109
603
937
494
780
1021
457
235
370
496
360
1113
552
1196
575
513
576
510
363
650
3255
377
504
779
918
362
365
1298
1489
576
536
367
513
367
367
537
1337
2292
883
1498
3825
997
1711
1715
374
981
719
807
736
486
1397
824
513
3325
2749
1426
491
1698
1151
722
973
711
1300
1627
378
1189
508
511
361
1514
518
518
1026
466
1331
1726
505
704
503
1039
851
367
974
1291
1491
1883
801
565
558
507
490
477
640
766
488
1990
1288
453
356
461
891
1444
637
358
566
596
462
360
512
928
732
367
640
805
877
1386
709
1088
1113
366
1151
396
1622
496
430
1302
740
974
463
963
1516
497
902
1474
363
628
515
1358
979
1007
872
352
2016
507
1250
834
1588
1195
1018
2198
1401
751
686
884
535
442
1217
454
377
377
376
1450
511
365
1240
989
535
666
761
461
545
1455
488
1510
359
368
937
847
554
1088
1048
360
567
629
1632
1411
1011
357
954
669
1036
998
774
723
511
1543
667
501
364
1060
360
904
1639
726
829
497
533
912
357
1602
1290
3446
1399
1028
1012
1255
657
459
1652
846
574
1010
716
634
425
1774
801
356
917
375
577
556
953
766
488
545
1262
1311
1279
936
631
529
1241
1485
1134
790
516
546
851
822
913
1344
449
656
689
1052
746
832
1216
1525
1148
671
944
1050
1305
456
1105
493
512
932
1220
1604
1197
371
646
1253
601
378
371
827
1196
636
568
364
368
637
453
497
950
833
1271
580
487
1991
1054
1775
1175
1115
891
490
660
480
1272
1206
688
510
624
635
2680
360
1477
367
655
3039
785
496
476
817
876
827
1647
647
520
665
518
1127
777
360
487
658
671
370
496
1281
706
578
1664
576
652
1255
406
374
362
1277
281
948
512
1475
362
647
1013
728
800
1024
1106
867
1024
677
740
364
501
468
809
1220
1501
1509
775
559
1865
888
829
559
496
854
1585
942
368
778
1110
823
726
489
960
5970
569
575
1149
582
1299
1214
1448
560
717
363
1235
940
445
1134
1339
364
674
679
1013
548
1067
437
1585
2353
1211
490
986
1076
1191
519
1106
487
1496
1511
640
796
358
510
1431
853
907
473
770
1041
714
1023
1359
505
459
1081
493
725
906
449
1583
505
1518
652
524
951
365
725
1628
662
554
681
362
364
790
501
1296
640
1114
519
778
1103
521
1387
861
672
722
1418
482
841
1851
1620
481
497
827
1121
507
363
495
1117
508
1523
656
1459
483
524
1037
543
1207
568
752
364
504
707
2561
572
351
1569
353
494
459
975
358
533
601
645
1642
449
509
1488
534
378
368
1996
869
713
1016
1409
822
1273
688
3358
792
783
1492
2251
670
1612
673
487
666
1106
361
469
491
785
644
909
1021
1603
551
730
1083
453
1280
1893
461
1665
575
496
1445
596
2285
534
521
726
582
573
1759
937
966
373
2907
820
933
795
824
1445
1438
517
1556
559
744
513
3729
1355
366
775
369
676
492
733
1306
632
369
493
1598
560
764
511
894
366
528
485
1626
1410
565
1628
486
1454
368
720
370
365
495
904
764
1078
1649
1587
597
1181
364
542
904
1602
809
665
636
753
1072
1053
488
877
1444
1451
505
512
360
1214
539
359
547
1156
585
1305
833
542
840
900
1248
507
495
716
1177
805
564
799
373
1271
1066
1409
370
1263
1375
1077
361
703
1287
380
355
1406
354
559
493
735
493
527
525
799
1524
993
1067
870
366
910
488
837
490
913
799
781
504
1026
1000
1341
899
354
912
724
357
902
1294
1042
808
831
832
1224
1224
609
490
725
824
810
711
825
366
783
770
955
1220
961
765
913
731
367
1273
2796
1335
1325
494
364
928
2756
535
1599
1277
1208
641
819
543
511
538
632
1298
1312
498
995
492
716
1275
361
888
526
1206
367
508
364
1582
462
594
514
1319
570
368
414
2739
621
582
360
752
501
1099
1147
543
360
1407
1599
1051
853
638
491
501
654
716
926
1566
2273
656
982
356
717
697
1398
512
604
537
365
511
918
803
367
680
658
491
885
1344
984
904
488
1083
598
491
1724
743
639
1412
466
367
588
756
3123
2917
487
533
367
891
905
363
1687
975
642
658
550
371
808
569
1189
1291
2504
1107
750
978
491
514
679
792
695
1307
1705
1086
486
826
734
1384
914
807
1502
755
1833
888
514
509
662
516
362
520
500
812
600
1587
368
1097
849
1354
502
523
637
1793
1246
520
1259
1534
970
534
363
371
569
1280
1699
359
514
980
506
867
1125
843
1497
515
1760
493
747
1217
576
1019
584
1159
1059
784
647
890
459
773
585
1212
523
1081
751
508
575
355
1558
2760
160
815
537
736
502
361
1132
493
499
1605
459
1044
1177
719
1533
1537
688
1313
1279
664
482
1177
359
505
960
818
1047
579
1172
661
473
2644
491
1649
1142
507
905
1628
568
1797
592
458
506
1010
381
558
755
2750
784
566
1166
1050
1683
948
690
506
797
3666
1307
2898
634
535
515
503
1348
865
1116
537
1172
1294
585
1162
1169
1472
641
631
495
1178
369
365
457
597
2035
949
1259
1316
1526
1390
369
1539
570
370
557
759
1643
1435
1184
371
881
490
358
579
511
610
360
1179
943
360
366
799
755
565
375
832
824
1481
489
1436
1333
650
1101
1341
1070
819
607
891
496
520
630
640
500
852
360
693
849
587
482
565
872
759
881
1001
920
564
508
491
492
1302
534
936
379
1071
524
1215
1664
1644
2313
374
459
446
485
1317
958
649
821
362
378
457
368
644
368
360
800
356
1308
648
488
1143
495
537
714
1557
515
766
406
1572
371
1462
517
832
1036
493
510
608
852
503
533
888
761
1540
361
354
1253
1354
896
742
1098
360
1185
1120
1306
361
1522
892
585
508
652
767
1140
3077
794
946
840
1430
1300
1597
723
373
494
1040
937
1080
475
357
924
490
904
360
725
357
1509
837
725
1006
1011
359
579
1104
1219
367
889
492
509
1296
766
1294
798
949
910
948
613
658
618
836
634
694
523
748
469
364
517
922
744
837
812
811
1734
570
913
1574
651
769
492
793
627
1614
415
483
645
936
844
1501
1223
575
3906
372
2164
368
678
1068
3094
532
899
777
942
1229
529
794
808
1428
1057
1509
1205
363
382
574
639
493
1271
759
734
358
365
1503
359
780
1540
574
2757
1057
565
1600
1442
1456
680
776
2134
1065
1504
1228
1356
850
657
630
517
473
1153
2852
1236
729
1116
719
367
660
537
577
446
1165
1287
507
714
364
856
448
1395
924
1328
767
361
492
500
1312
1257
1525
1721
483
646
1068
720
615
984
1745
806
767
778
915
573
656
2913
355
1110
984
651
893
637
365
489
376
1070
584
723
1620
2164
674
480
2053
983
599
506
1043
513
1658
1603
548
489
1020
1120
574
1484
659
933
554
1321
1080
1303
707
3362
573
570
503
384
817
1443
605
487
859
561
569
358
653
679
780
820
711
519
1275
380
1336
2073
1204
1501
363
484
994
754
368
1046
1705
658
724
721
1276
1194
656
1061
1338
819
783
368
487
450
533
924
1102
1390
574
901
866
528
485
366
365
565
494
484
371
830
1056
533
1116
1201
2113
1197
370
2139
364
1663
1230
492
506
1093
2055
1008
778
690
1385
889
366
603
2195
518
534
1834
1104
509
1447
1375
506
650
2898
369
629
680
824
494
921
671
554
1389
553
574
492
721
4378
579
610
355
664
848
1531
381
360
528
1884
574
1434
651
385
669
881
914
619
1603
3962
3455
888
517
371
366
740
566
919
675
1201
558
570
365
359
365
483
1080
517
494
769
2139
799
372
1555
523
408
368
517
514
571
802
573
1028
513
515
369
541
493
368
1512
2532
1562
1560
363
470
515
698
1988
361
641
906
1110
2649
521
1111
491
570
365
1446
528
366
530
985
2146
1140
380
787
588
372
715
946
557
951
507
780
741
493
650
366
476
365
564
550
500
514
1037
1498
490
1404
1050
370
2121
373
1480
782
364
503
1114
856
897
1183
1160
545
497
744
567
1078
493
1019
461
1253
505
364
1159
1498
489
1688
893
779
793
1187
1359
1306
885
1513
784
521
651
696
441
819
806
796
539
1027
758
1013
763
362
291
1309
1645
664
1168
559
976
2199
1285
613
1112
985
1061
624
1222
2283
1883
525
653
574
648
560
630
1034
657
570
1466
362
1135
489
327
488
714
487
2454
491
1063
524
1450
369
1306
1014
1596
1626
886
493
1128
492
555
1278
522
911
502
1031
514
545
823
865
366
370
587
2774
740
1344
940
540
1124
526
843
1430
565
1198
370
369
368
363
580
1597
675
1475
642
461
846
872
588
530
485
357
566
525
523
396
3821
572
361
1044
1616
1439
526
499
819
1870
674
1497
1558
784
924
483
1989
742
529
369
573
757
899
594
933
519
1130
373
1207
369
509
368
973
769
523
683
374
364
3094
518
730
795
853
499
2907
1062
1093
550
949
696
459
708
1180
1352
1212
551
877
795
827
505
985
815
1842
1684
607
778
394
1051
1274
1025
985
575
2164
3630
2319
539
499
707
868
785
1186
1479
359
1452
356
965
1030
1555
1163
471
1408
8270
1409
506
1063
373
375
808
518
663
1161
1312
509
1054
1807
1088
3894
481
488
1422
524
1200
362
1144
490
766
1435
765
582
1303
1600
513
786
564
1246
501
1277
360
920
364
354
1102
677
1578
1084
1178
899
520
1771
559
367
1288
516
1034
372
370
1496
1504
367
549
740
1457
518
586
370
514
450
508
678
364
962
878
721
798
900
1035
363
1298
1458
528
490
363
1121
511
566
674
560
454
441
896
490
504
888
1010
961
521
861
367
569
719
459
485
2004
361
1404
3457
644
594
517
1384
491
479
985
1347
366
654
672
843
372
1619
1928
922
443
652
663
527
367
558
908
496
815
536
363
1460
371
490
784
798
2530
674
367
488
744
808
469
362
520
366
635
508
537
1265
1077
1302
1171
2472
3427
1175
520
644
1784
2115
556
628
514
1513
1005
2695
4867
1475
566
542
360
359
1431
662
597
2133
757
1019
542
4417
605
573
514
716
652
644
834
1876
2173
1379
572
2229
413
1030
905
793
2276
2870
660
536
575
784
360
369
1038
2178
2344
1963
503
456
1667
518
365
1410
1150
633
531
890
373
790
858
5009
1078
757
1311
475
833
1627
1122
499
515
1122
502
684
745
1477
696
361
362
483
504
368
948
306
502
658
2669
855
826
506
367
1085
508
366
729
886
371
1012
702
726
514
1028
913
2032
2570
381
558
2135
653
465
1202
729
639
866
931
752
362
530
505
3507
480
4013
1055
1417
583
364
362
2792
2126
621
562
740
1299
356
476
1172
895
1233
1017
457
1313
974
838
1033
820
562
4795
587
766
1522
361
975
817
3586
928
1602
514
1090
791
487
506
842
1543
670
805
2757
791
375
1292
1088
1587
1903
1012
2934
1274
900
792
372
567
1203
353
593
467
626
1132
360
588
1523
919
440
368
2278
1003
362
2048
741
533
542
645
364
507
1123
1192
878
885
1167
1145
1083
773
1244
521
1029
337
678
1326
506
736
521
611
1228
513
739
1272
365
496
368
1274
374
1448
808
461
1333
637
533
1018
364
499
366
634
1509
487
514
1118
636
1369
901
642
1346
495
849
717
536
805
451
358
1051
359
475
483
368
1141
603
1504
1591
1404
1453
1136
374
921
1446
516
515
1210
1367
1581
498
1640
917
820
371
1498
363
560
487
518
565
544
765
720
598
535
1759
912
559
375
1154
557
452
445
735
880
1396
1001
487
1221
576
926
897
357
905
567
1269
932
535
447
577
369
375
1346
558
374
1910
1301
1293
1002
1932
357
361
673
372
449
1577
880
578
1475
757
786
558
726
732
368
577
1439
830
598
381
385
787
2150
580
726
537
912
449
1060
666
518
363
1074
530
517
536
785
855
960
1364
550
1120
887
377
957
504
490
1261
1420
527
955
377
904
593
364
609
536
378
852
1113
986
364
624
586
550
554
505
661
1360
531
675
492
373
651
737
1019
359
486
1855
552
1022
505
516
1102
912
1189
678
369
473
530
1037
1197
854
1032
582
426
786
486
1307
496
370
418
487
354
898
491
1203
672
597
1290
1237
363
481
2680
1524
686
1084
631
1400
747
435
1332
365
768
500
901
474
705
368
496
496
366
2376
651
1897
1773
526
1543
489
766
1437
866
2318
744
811
708
1261
1871
1282
1434
544
367
366
1121
1114
1456
1287
845
364
1122
520
787
972
357
633
1448
519
481
514
537
590
911
360
1178
731
513
2339
490
367
1015
493
821
761
469
746
1810
906
869
4058
489
1434
786
1267
1302
629
365
575
820
236
512
506
577
1615
1038
333
1588
1186
498
808
596
1037
605
499
848
166
728
521
760
1077
546
808
1500
708
655
359
362
2565
1869
611
779
663
799
1996
763
470
493
496
535
2687
1026
1408
531
610
804
640
490
637
1466
556
1838
779
507
866
668
732
1261
3087
513
1018
408
1490
1204
693
939
445
801
369
1328
554
1380
797
511
1269
520
464
1318
953
493
882
954
452
1292
357
780
452
519
824
921
932
1577
928
536
580
1197
886
1403
1475
1283
354
656
814
1145
946
819
576
2390
507
519
361
661
1239
1320
1045
443
677
494
1684
362
489
361
372
1046
565
497
546
1083
733
738
713
629
549
1861
975
1281
880
717
927
919
769
581
1065
364
371
1267
460
970
375
1378
368
476
362
2130
518
1461
1315
903
1005
1889
376
3232
1122
364
493
459
459
357
1293
2315
376
525
913
670
919
455
2840
1673
1284
797
458
694
919
729
460
1419
368
519
798
777
354
3037
2757
377
1350
853
591
1255
523
1262
727
380
511
361
538
518
748
1114
363
1215
737
982
2104
2266
689
530
533
524
808
501
509
731
887
527
550
370
646
532
896
1105
727
565
931
700
1550
1685
1257
951
890
751
1417
683
489
617
549
561
369
546
1205
769
1088
738
1293
762
778
679
668
1246
450
783
771
365
364
643
453
1287
673
602
484
456
800
1492
569
378
1459
624
506
1205
1606
602
597
1311
1595
1454
1120
1250
648
533
664
521
522
871
581
759
729
3386
1203
722
554
1746
2755
365
580
898
357
355
368
503
362
514
763
791
677
1078
575
658
1120
821
2931
717
376
523
541
2384
853
1335
1394
725
728
523
591
718
565
365
639
371
372
553
674
503
1498
737
1277
1012
362
617
531
819
642
820
371
815
791
367
978
676
791
1319
574
1352
812
455
515
1379
1271
1223
664
499
486
1638
571
858
558
911
1389
582
359
951
740
837
1317
866
1558
659
860
2753
1502
363
1161
790
1208
2759
1384
921
979
1296
1066
366
931
373
549
393
968
1135
494
498
722
883
1360
908
1149
1114
656
366
1415
2908
922
668
484
945
506
494
731
508
900
371
1023
535
498
1706
505
382
1540
524
1402
1196
704
371
1410
906
535
1376
816
1116
816
806
513
811
673
1262
1706
532
516
1648
376
788
1292
760
511
1720
1110
916
359
573
1756
1122
1409
1253
363
468
700
513
1189
1399
689
1123
359
362
2755
362
356
1414
557
2012
1259
572
775
900
372
743
1081
732
352
1103
634
525
828
1067
612
513
896
1640
832
1124
2023
485
365
501
563
857
488
721
633
949
734
487
535
1475
371
674
593
792
637
487
371
504
1118
1085
1438
512
915
642
600
366
2174
1098
371
1163
877
1104
922
932
371
737
2910
1190
485
1144
1028
1589
526
454
1343
1489
591
741
470
1561
443
742
512
373
1859
693
640
1538
814
654
817
350
496
366
821
648
359
502
1025
553
271
373
508
514
601
621
757
614
374
1077
511
2773
502
495
632
896
531
980
375
3948
1566
690
976
587
513
454
358
1018
425
1102
858
1471
855
1297
803
887
592
362
371
369
1253
528
703
612
369
1957
1271
963
921
766
698
589
448
510
489
531
1291
653
1017
896
1017
372
1615
657
1009
659
574
2325
749
565
918
521
1428
1009
1028
1075
1722
1361
364
1299
788
715
810
1274
514
723
682
542
1486
763
917
1064
689
1032
633
602
614
847
1712
2330
3912
398
782
1046
1406
1192
1907
1264
663
884
637
725
370
372
931
358
661
1054
490
474
636
1304
593
4951
501
1000
913
526
2748
515
660
630
673
903
850
664
721
787
752
369
1648
641
977
821
1963
812
360
365
9307
574
366
504
676
815
577
3055
8824
702
1018
480
1559
640
1457
803
539
7824
1056
1103
622
552
893
487
596
889
714
8904
647
769
711
563
651
614
790
644
547
671
432
1030
567
534
1441
856
520
1398
1163
538
1070
1247
522
1269
515
414
1184
877
1157
638
635
1291
3103
818
807
1069
644
1775
763
516
605
512
797
360
632
737
532
1117
463
759
372
603
675
499
800
642
982
468
1027
425
536
1308
1221
556
992
422
1499
499
1118
1467
1173
491
750
900
561
530
358
772
827
362
372
447
496
1451
379
354
1494
804
920
665
547
1652
928
574
1279
756
662
1311
360
368
481
1683
597
745
366
802
485
535
356
1385
1051
2249
1209
1089
802
496
495
366
544
536
931
1872
478
658
3591
362
1017
584
660
996
1078
664
1324
592
953
1116
744
678
1318
815
782
522
645
453
1590
1424
528
896
507
1773
502
1065
740
725
683
1783
662
495
507
546
930
800
919
1551
362
511
768
1252
572
1450
374
659
1084
572
1496
362
829
881
720
993
813
496
385
531
681
1338
572
835
366
725
1630
1581
635
924
654
485
721
362
1083
373
351
642
1464
581
1058
2996
811
656
2828
1138
1297
820
1021
672
1133
1410
368
1071
658
501
675
1550
359
363
1547
566
487
860
1067
374
371
506
996
1086
372
462
130
507
1020
980
1343
502
681
3048
361
1478
374
367
1124
1438
524
468
645
365
620
360
1481
512
1441
377
1096
883
368
383
561
510
1874
1538
237
579
1096
669
1439
989
633
360
1090
366
543
362
368
751
492
364
921
2309
906
677
502
668
733
487
440
883
625
1138
903
1102
374
862
1485
981
487
486
727
535
364
1337
1121
353
533
491
706
1852
838
542
576
839
764
1059
917
800
371
372
1112
453
675
519
624
3442
792
356
1052
1340
366
756
450
894
891
917
1749
935
367
494
849
688
1132
1295
505
1881
899
734
1255
1530
756
483
299
849
548
361
2392
576
1477
227
1084
1118
1174
503
968
1478
1268
1609
516
358
913
697
742
1496
539
586
662
1382
1461
645
1288
363
410
1759
1183
673
578
1600
903
857
661
1180
935
500
354
511
1652
880
1961
1600
736
732
1269
2736
1581
716
1076
497
1417
1407
658
1063
846
1909
511
629
459
1617
461
654
566
1035
1156
1680
418
452
824
928
987
1485
835
550
954
733
1203
524
366
1199
655
1407
1012
502
756
1196
847
839
775
977
1563
613
969
1158
1221
1317
2920
813
1356
498
359
450
1356
773
815
947
920
1232
909
558
781
2902
650
3428
482
1580
1214
542
527
698
561
949
649
1294
866
668
839
379
455
365
1821
2938
960
675
517
575
358
361
1113
1402
1259
489
1083
1014
528
511
647
1538
357
780
880
1217
889
899
524
650
361
661
3456
511
602
939
572
551
785
1072
906
661
894
360
2526
732
2253
516
770
1522
851
796
358
523
513
751
497
426
567
1472
517
582
361
433
2112
2241
656
361
869
1363
507
438
723
757
457
489
894
785
1261
541
806
364
508
1150
669
1725
603
503
534
371
362
1351
600
362
760
516
488
865
1288
372
739
368
565
509
819
732
1103
371
1155
505
378
1323
2246
944
483
513
530
878
494
941
484
812
1597
655
817
711
496
1356
513
845
659
1068
375
605
599
365
517
554
1401
801
977
1352
774
497
514
570
495
1410
372
860
607
494
661
955
1262
600
1660
490
573
1614
560
2754
1196
587
467
1448
823
1354
489
3724
661
484
359
556
532
629
512
493
497
516
364
1622
579
567
883
550
368
633
508
647
582
1503
1349
1076
721
805
497
538
488
508
579
908
2768
765
1050
748
828
816
2737
495
506
569
532
562
471
435
1416
363
504
486
430
802
1373
493
564
1059
514
1053
798
1346
493
1074
512
1099
546
1314
637
610
370
511
580
785
768
508
838
557
369
1017
510
518
564
1477
1523
1042
501
1051
816
824
1351
1326
1487
503
2964
365
857
1353
358
601
378
537
888
1347
1085
548
536
357
1289
499
534
816
1305
534
1550
556
409
884
1063
364
2776
750
2726
746
1042
1149
578
362
447
647
728
1063
724
485
541
1018
671
685
811
750
364
1059
1416
2755
372
697
844
632
774
1194
567
485
768
1235
495
1072
406
459
373
622
534
493
1513
971
1441
526
495
1115
511
498
1399
368
606
507
534
658
1175
928
1073
363
620
376
482
571
524
3260
499
731
364
1305
1123
731
485
1292
1099
1302
587
1184
360
944
363
385
1103
1362
780
360
1355
673
507
806
565
861
361
605
939
893
1491
523
759
1339
1435
365
366
1030
492
642
1301
1181
366
1355
1405
549
490
528
494
649
716
1123
800
990
644
364
958
566
1482
495
788
370
1002
796
1144
455
515
727
988
573
515
471
534
373
369
418
2496
360
1388
514
488
563
371
551
2044
373
983
733
491
519
460
2114
1295
1247
1059
557
568
1079
493
377
758
497
497
716
358
768
1474
494
901
490
497
653
1627
611
641
864
508
872
1104
1425
751
1595
497
1110
821
1425
854
360
913
1056
998
736
361
634
1082
718
1421
569
293
451
486
507
858
569
493
511
901
1356
890
1828
1497
552
1359
453
956
614
370
666
361
357
887
1397
357
506
749
571
365
434
678
1032
939
1045
505
508
643
666
492
667
1166
522
362
559
1237
519
571
1081
2082
485
1139
1766
654
816
278
1104
538
512
370
364
552
1711
1353
2405
513
1109
754
549
1163
467
943
650
1294
1454
1357
1501
515
354
1348
723
2767
1636
671
813
808
489
732
467
1222
620
664
364
577
515
437
1511
633
1135
880
458
896
571
519
897
500
744
893
972
571
363
1381
358
358
1108
494
413
862
2750
558
900
1776
657
1467
489
1302
500
595
706
482
1123
1598
358
1872
761
645
490
579
1224
1055
1152
521
454
1287
367
650
1311
758
995
575
368
902
1956
1489
804
369
900
367
766
1198
1611
383
1862
827
487
2783
895
1048
1462
713
1071
1092
452
888
459
490
647
632
530
358
1665
1816
1415
523
671
644
671
1080
1485
639
488
490
375
372
575
1386
906
511
875
662
1321
911
543
589
357
437
732
379
571
365
984
1175
896
513
771
648
519
1884
1289
650
1177
513
1703
4121
503
491
487
2810
1195
942
572
366
2747
762
1071
1354
367
548
500
448
657
378
364
488
538
597
572
367
1335
1061
536
368
369
497
488
1122
915
767
509
597
362
361
647
578
1123
489
375
504
614
464
814
496
492
587
591
1242
1017
511
910
476
635
1103
791
1039
368
486
1605
369
489
530
702
741
374
773
508
1051
1844
515
493
1336
482
561
1049
1560
577
796
371
510
517
1606
998
371
490
635
657
1243
1579
367
363
548
710
803
506
837
401
949
1479
3692
1193
1572
371
1052
558
1321
505
234
1227
366
606
563
1200
1678
639
1103
582
659
