580
426
348
539
2975
433
443
314
2316
366
697
2104
1312
219
1275
258
1122
41
1118
1142
15
980
418
867
486
627
574
193
1941
295
791
13
622
733
826
321
359
196
704
1757
618
2639
617
14
549
1198
658
727
497
1835
12
1021
632
226
65
195
443
41
90
1567
493
855
230
1359
13
222
333
166
505
328
812
655
132
455
253
381
566
2474
291
15
17
644
42
1082
13
1034
605
17
426
542
417
307
356
54
386
601
817
505
154
322
16
38
485
755
385
274
712
377
948
1424
880
1175
4679
1176
810
16
1461
327
195
17
951
64
538
400
457
975
2186
1465
196
323
1786
436
636
747
660
1127
77
66
1530
217
311
342
15
40
305
2038
333
549
429
744
64
300
1126
673
673
235
557
876
372
377
12
295
218
903
2526
1646
441
654
619
16
65
578
652
194
364
1445
991
64
187
887
874
244
1095
574
40
332
65
190
462
707
1254
608
1594
1623
652
839
188
41
20
10
220
298
1699
893
60
654
1753
466
188
256
884
196
330
563
569
1161
529
20
1097
287
423
11
1039
15
455
358
194
949
559
464
308
730
289
659
372
1162
896
697
1761
1009
466
417
415
152
481
193
710
412
493
913
344
313
483
779
1170
578
66
443
931
228
12
114
598
14
187
14
84
270
1268
793
1280
496
189
703
162
1321
452
51
548
611
815
715
879
1150
422
22
904
68
202
382
214
593
794
448
528
1579
344
503
651
2116
411
15
1322
1117
885
496
297
51
550
1789
229
164
13
219
1318
309
339
442
1238
370
132
720
41
702
901
660
324
1185
64
218
692
592
460
576
2633
173
436
15
65
1176
483
189
893
587
307
503
623
165
224
1337
1425
293
16
1087
709
218
220
842
66
597
15
438
294
220
1549
250
543
1669
503
343
850
40
281
1731
203
601
1008
805
15
627
605
1011
12
470
164
528
439
345
171
323
713
1440
986
606
369
211
18
313
878
646
194
983
627
713
429
378
334
1575
369
723
749
602
613
615
1172
927
895
565
1123
579
1109
279
910
378
499
776
1169
1024
313
952
162
542
1747
509
40
219
544
1505
15
476
66
310
341
319
14
253
664
1399
608
260
2393
1465
942
642
244
234
384
626
360
1506
1158
43
37
15
15
526
42
1191
163
373
554
926
271
801
59
653
277
1172
600
315
532
628
955
971
11
261
712
443
371
260
1216
694
251
1481
575
422
1083
418
192
373
369
20
555
365
872
218
597
759
227
470
516
602
1103
306
342
193
12
298
768
515
628
1279
1604
31
710
879
283
556
447
269
457
1132
533
273
969
341
623
66
290
680
547
447
476
1265
452
651
695
1536
666
12
973
65
728
678
547
1181
559
187
121
124
811
340
682
548
1327
1267
21
322
327
822
1402
747
363
309
292
1233
1565
527
405
584
41
632
466
583
196
60
232
837
14
362
197
309
346
1265
328
216
60
434
610
15
1626
351
418
278
12
12
971
627
648
625
166
163
1043
332
1007
502
606
542
959
185
41
356
200
666
163
603
260
606
1669
1215
281
326
278
337
772
311
275
1159
309
1090
737
1580
329
499
1214
407
1353
458
1170
850
187
380
184
3055
462
16
1646
64
230
348
845
187
776
580
579
574
947
335
1675
744
38
12
1135
70
526
306
1607
1182
1595
311
516
346
995
795
1117
799
1239
675
325
231
640
371
388
450
597
627
613
719
861
490
704
383
240
196
1260
466
612
670
260
1246
441
781
932
17
13
371
1097
445
709
219
573
65
707
513
952
1162
566
16
547
459
42
312
822
1402
43
484
12
700
358
12
876
38
188
265
1008
477
266
334
229
40
316
418
1132
1438
496
1986
359
195
66
366
341
11
412
196
339
914
2049
1058
646
186
40
431
195
521
1418
804
106
426
1196
466
264
279
1080
1523
324
15
186
1106
523
12
711
576
713
729
667
743
751
859
869
332
447
509
833
59
458
454
89
2073
820
636
64
470
859
1124
11
449
755
66
16
1712
11
433
265
699
235
623
812
898
1642
997
1108
993
11
194
380
62
295
196
814
882
231
848
1100
1305
59
11
197
219
12
265
1261
357
949
519
554
15
720
536
260
38
696
200
698
1711
428
11
622
229
574
408
475
606
196
194
188
162
2118
836
720
232
17
893
2060
493
259
1236
519
583
570
685
59
797
334
852
140
667
366
266
649
326
14
1470
195
229
846
1443
282
197
1075
286
2060
500
1322
462
24
242
492
508
968
41
880
308
328
883
257
1057
217
852
1651
2637
475
16
278
17
793
836
697
730
1892
582
827
194
488
318
1640
16
468
378
162
309
224
199
40
604
421
260
1393
1076
492
105
411
977
803
231
640
889
14
973
278
69
597
887
139
170
295
648
187
298
158
188
853
385
145
423
478
64
999
607
478
326
1937
888
620
399
265
367
123
406
463
888
1743
553
450
921
14
1965
558
473
1524
582
1493
339
402
296
617
385
188
613
334
150
329
818
189
797
646
1425
334
464
1020
1623
1879
614
367
1260
625
1150
192
163
294
1547
931
16
807
295
487
310
186
673
1694
326
15
289
13
387
277
533
626
346
1095
1049
753
12
476
863
528
65
312
432
264
295
410
67
121
494
27
325
378
40
342
11
196
445
327
1121
270
559
357
194
2580
3738
846
2048
992
1043
40
443
742
340
542
1233
660
714
523
1243
143
769
6849
273
552
579
334
196
371
601
1174
504
409
510
322
188
481
879
560
948
528
213
484
1407
1154
666
334
283
539
437
425
535
37
15
310
196
599
845
224
465
879
914
295
1264
1257
45
15
421
792
218
371
203
931
44
1117
527
608
953
858
187
1339
431
15
443
750
41
1866
200
41
281
297
218
623
309
512
216
217
269
67
18
935
507
600
194
438
604
1899
486
3051
1435
234
766
1033
1970
199
461
233
310
443
106
552
333
595
217
527
338
644
379
423
139
1004
237
528
206
71
368
233
1561
256
626
271
491
189
298
344
1447
797
752
1894
41
403
921
313
1281
549
11
343
39
308
190
218
515
188
65
627
218
849
319
442
1606
260
379
174
1563
488
938
65
1497
11
1118
444
20
1162
976
322
16
483
424
233
468
267
821
1549
40
41
470
273
396
175
843
16
628
960
854
41
1287
489
451
367
499
568
459
958
24
496
353
1034
1031
2091
918
189
232
1246
333
802
809
40
795
271
590
12
663
17
893
537
828
511
600
217
361
1329
1285
436
229
276
14
373
589
694
1004
866
196
903
514
675
498
667
14
759
602
231
451
66
418
1083
426
573
68
545
40
1777
580
196
3791
557
639
293
999
15
2056
211
258
720
2706
903
922
566
438
901
219
624
11
805
902
296
682
283
1241
652
1130
407
1547
784
1457
1259
546
781
17
310
489
896
260
1306
609
41
220
68
1608
370
97
870
491
620
964
606
2046
1489
906
451
230
978
608
646
685
896
689
646
14
595
470
472
476
854
13
669
13
219
324
558
227
409
195
888
332
12
188
15
369
544
195
828
24
189
851
232
890
362
1600
566
255
16
798
13
973
685
4788
373
264
979
196
499
587
717
11
1772
639
691
402
13
17
41
438
41
1077
612
14
932
1126
562
1046
110
623
592
364
1371
342
1741
2787
393
297
302
42
436
194
486
88
558
196
1135
1609
701
1196
567
407
306
42
629
1438
626
293
931
619
467
189
338
1015
1051
571
15
197
194
1100
763
838
251
227
290
866
542
219
992
2482
438
13
16
5124
1426
1850
1506
614
942
198
142
1022
42
292
201
763
369
502
13
714
231
1237
39
297
246
199
722
260
410
62
718
3136
512
16
353
619
1132
890
11
1961
40
719
505
301
333
476
1648
1008
905
646
1411
471
189
495
882
17
683
1399
1056
626
1188
307
651
16
427
134
13
123
607
304
693
863
373
1125
3275
430
625
292
703
1159
475
526
51
22
553
1380
74
19
553
1800
413
1580
460
187
624
197
62
506
597
1946
220
232
429
187
42
200
501
197
842
1157
42
521
188
16
221
443
546
486
259
195
407
952
188
1920
371
88
42
331
334
507
254
466
725
368
364
195
508
301
189
1019
1036
1357
2546
2400
186
40
363
723
701
11
15
233
281
173
371
1420
290
444
18
1380
18
162
333
443
485
197
40
1011
619
68
40
1061
434
699
258
1058
1002
17
452
373
307
758
192
442
562
378
296
467
1615
289
879
4272
1099
11
2195
67
2040
13
189
259
39
433
265
300
195
430
269
924
518
1331
346
480
188
142
306
67
14
197
259
188
838
1008
887
1719
1415
866
310
2074
838
341
716
539
540
308
886
1019
607
366
603
591
437
70
36
434
1845
553
1102
430
217
2592
569
689
502
603
400
22
1475
1237
1777
465
307
449
577
468
15
423
486
503
1432
217
351
327
369
411
13
255
146
294
389
308
1038
573
195
613
348
2255
1810
232
303
217
590
604
464
630
293
852
309
434
202
942
311
39
350
488
530
923
507
515
443
465
613
1461
587
500
67
165
64
42
629
1378
627
1284
757
331
973
618
450
381
295
340
471
553
464
402
1382
465
41
1272
1158
706
570
451
200
1540
205
780
196
666
616
268
611
511
316
39
647
564
229
531
723
455
674
188
196
65
376
2640
219
2246
697
322
722
42
64
14
457
41
1099
198
333
390
796
298
586
1081
586
291
468
1240
1421
816
437
154
960
598
450
844
340
1053
968
488
1526
41
405
1336
1341
499
533
827
440
1856
840
296
553
940
808
366
196
65
1169
12
687
567
699
1619
395
1104
1932
1116
486
896
42
42
869
14
423
195
605
24
974
763
452
1816
381
327
1680
804
507
38
1120
410
864
1081
147
469
572
1948
338
864
442
291
16
601
187
197
40
41
1242
543
1807
1076
841
378
360
1201
435
40
1161
308
871
39
188
1612
1676
41
438
326
915
15
642
11
225
362
838
40
693
1061
14
1023
622
383
43
1308
1136
475
290
67
1342
334
386
534
436
67
315
229
295
158
355
795
472
349
1091
2035
756
192
289
14
281
294
877
14
1499
1189
140
531
333
818
296
845
1249
1176
187
61
547
556
188
1686
584
1082
564
292
589
583
39
370
318
286
588
310
188
195
453
235
947
63
1616
200
162
482
710
368
535
18
16
19
700
332
501
1103
1155
724
419
1926
1228
333
632
1467
1217
412
416
334
61
368
230
861
1198
450
759
187
12
1676
564
191
449
601
758
421
1365
891
503
333
17
764
14
579
1476
2199
1130
573
1363
92
315
198
374
491
959
194
740
284
957
11
42
636
861
905
635
335
370
166
15
163
793
729
15
402
521
41
348
336
2489
904
63
1491
877
182
326
63
478
158
515
473
16
123
285
897
824
416
188
915
363
11
360
266
168
759
297
623
570
332
40
993
13
222
175
169
192
671
754
14
333
657
669
1000
1561
16
443
606
523
413
1437
28
17
460
195
780
185
621
333
1496
119
336
705
1475
470
187
186
588
22
536
274
13
1010
186
791
1293
620
195
612
229
461
403
359
747
683
458
308
420
233
1618
216
342
25
2238
2140
1823
333
532
242
244
15
576
2055
599
980
234
944
12
1626
342
1020
1774
716
731
872
231
945
66
485
610
12
108
491
38
888
193
422
1276
385
116
41
196
711
190
168
546
367
30
15
188
308
683
1464
305
512
300
1254
1168
942
333
1909
333
1056
418
216
768
290
13
313
501
818
814
485
350
530
188
447
39
1454
66
1376
663
224
1368
14
473
306
17
266
131
15
1078
257
334
483
522
1264
2342
539
704
359
529
13
495
931
368
12
906
11
276
261
6311
220
649
627
1530
1827
1671
1317
872
313
195
185
64
15
340
451
875
1672
291
1102
340
950
16
1671
40
572
265
463
361
65
1300
317
15
623
563
196
557
194
1140
467
370
277
566
762
760
83
360
386
470
330
60
64
263
436
871
403
614
806
482
68
193
1682
1329
587
41
1165
1037
1450
554
439
188
64
49
164
548
1360
228
366
1318
616
652
16
220
466
38
667
993
290
381
371
219
68
1120
629
384
754
59
484
851
553
517
187
914
900
487
549
694
557
888
1421
823
655
782
219
1061
359
136
1143
1027
749
897
66
245
427
341
501
447
16
518
1561
233
42
15
789
499
591
331
16
290
16
60
358
67
584
78
512
65
293
1465
517
556
325
397
130
746
1139
436
44
481
627
476
195
15
1112
428
87
1088
231
2324
859
370
87
411
225
242
300
719
667
691
715
1375
219
305
1974
197
162
697
48
844
1176
296
599
42
568
327
231
456
61
217
295
450
219
196
1318
627
684
1783
638
531
1849
293
297
1315
558
1593
194
348
733
1575
1771
1468
1078
713
372
164
484
1019
1121
1041
791
186
1085
452
445
2245
485
11
14
1241
507
403
306
420
709
41
65
857
805
4588
333
3926
267
187
486
254
1024
284
814
301
548
1717
196
79
963
334
265
1716
199
483
560
853
40
668
967
441
333
297
497
1176
29
850
385
231
931
622
604
530
294
1320
35
45
462
722
1191
717
920
1440
807
255
65
163
472
1781
514
576
417
980
1931
602
513
272
2140
44
2771
752
1499
809
902
450
280
334
13
701
435
1456
561
347
71
223
48
990
488
807
1365
274
890
638
694
63
301
1029
16
872
437
712
1005
16
1493
331
410
1277
622
360
224
497
368
1008
164
191
311
340
342
17
701
1643
1144
377
251
1850
489
815
1399
1795
396
376
1011
1169
656
22
475
1283
448
332
11
271
1314
1685
438
876
669
413
192
292
41
193
875
227
289
603
766
13
13
747
16
584
2084
481
1036
192
14
714
1014
194
457
584
64
12
1405
432
978
194
1589
221
450
193
1138
274
752
1281
360
1360
2112
39
386
805
188
383
440
370
186
648
1451
83
339
195
557
195
311
559
2990
602
274
225
345
300
35
293
590
373
438
425
993
138
913
709
14
1305
350
725
1498
495
409
187
218
17
39
873
14
710
189
17
883
565
1358
1465
2524
118
486
18
339
419
808
258
13
236
632
750
164
443
513
234
66
20
548
596
704
1720
1877
354
263
231
535
1413
678
447
64
857
469
982
163
754
358
233
489
220
1025
197
78
306
632
872
528
847
194
11
591
383
1605
204
532
296
370
1000
900
504
445
858
565
172
498
1082
624
915
887
1258
1489
489
1036
699
588
506
283
341
480
597
578
440
183
569
226
434
1161
490
309
349
500
65
187
194
12
66
36
523
956
633
984
503
533
895
334
2434
825
220
348
574
510
400
767
309
342
621
639
335
575
218
16
107
41
198
569
16
407
201
37
393
11
497
497
1063
1779
15
193
41
369
520
416
381
621
1026
382
650
1277
1054
431
158
982
1356
633
323
15
330
371
507
420
552
686
1123
457
65
511
13
11
1019
501
1093
441
563
485
1403
370
196
67
445
491
1181
721
456
693
474
40
600
65
731
876
13
640
289
436
660
265
1543
199
1623
1284
536
69
1561
323
625
727
452
583
15
336
64
484
197
39
497
330
236
1560
341
162
128
342
743
756
62
66
851
14
514
1172
315
1161
1002
940
324
995
855
1297
1458
430
619
1912
63
930
883
844
335
875
232
862
218
657
963
550
2023
1470
194
59
649
364
1319
896
55
1532
11
11
706
218
18
721
791
14
550
531
861
236
39
234
297
73
12
1389
14
308
549
698
505
307
270
863
1044
197
804
324
40
334
438
1071
417
13
14
823
219
381
428
617
42
620
480
45
400
298
311
408
336
806
1699
486
197
15
902
188
713
1358
341
719
534
1004
648
484
39
613
594
393
356
632
554
2018
333
368
1455
891
549
622
348
1403
543
188
497
219
602
584
605
1605
527
12
187
11
346
200
694
742
66
358
489
471
18
194
506
523
531
14
611
506
187
423
317
744
403
285
15
461
536
714
164
337
1788
735
644
307
288
12
344
18
736
549
584
480
465
1057
274
13
40
218
461
14
580
441
40
1915
1135
431
622
586
692
474
445
333
290
441
881
16
305
231
822
191
1947
437
13
520
466
1253
13
527
189
465
1605
184
1149
343
1453
1150
40
862
225
64
738
879
364
226
160
811
1510
281
611
493
722
898
13
589
659
631
565
2161
897
397
621
747
1621
418
195
805
624
140
14
41
341
16
442
13
707
1326
330
452
16
915
495
340
907
41
12
520
307
650
31
221
294
606
293
12
1009
510
194
924
773
881
541
1582
198
191
188
844
583
587
275
43
336
634
141
578
390
654
609
15
1133
574
716
376
1972
335
898
983
16
230
62
35
261
1092
742
410
478
503
294
463
61
15
1378
573
814
557
352
409
456
814
502
532
176
563
686
655
12
1421
492
402
1330
433
444
1247
938
16
1012
309
984
42
943
474
926
13
196
1457
776
577
445
1151
13
569
235
308
532
497
41
12
14
13
819
780
13
826
39
276
204
834
2186
802
1076
259
648
544
857
655
602
372
341
576
1642
236
64
219
1675
255
807
301
465
851
371
895
139
42
188
371
258
743
66
194
901
627
410
574
437
2028
551
518
1222
531
765
862
12
195
326
661
688
626
186
304
261
627
185
1725
658
2985
1160
1135
53
266
255
186
370
645
623
1779
503
310
214
44
895
637
539
265
1274
580
1122
766
499
578
801
902
364
196
631
916
341
13
370
1532
37
437
348
333
1456
158
750
178
764
471
1109
619
289
360
748
380
930
447
276
308
13
885
1942
459
748
190
765
760
524
1289
161
931
264
12
292
599
256
219
366
923
1387
438
185
64
431
2256
1842
22
293
886
257
310
65
44
312
423
23
1504
323
741
645
1003
289
1153
1440
629
208
370
423
107
972
310
705
485
443
603
1154
309
65
734
270
449
215
809
164
194
11
200
1247
43
539
10
309
438
967
392
259
637
901
40
1563
40
188
366
239
347
409
426
11
907
343
196
310
722
165
984
914
14
257
583
527
919
1796
17
537
29
483
838
290
15
66
1112
17
466
12
220
1024
265
12
644
312
297
578
266
990
511
275
575
508
344
337
397
32
219
649
1319
374
896
263
17
604
43
816
580
335
12
782
293
281
1470
608
747
525
665
451
891
638
591
225
193
733
536
851
310
12
861
979
13
39
824
297
105
309
264
407
233
2519
616
18
235
606
9
195
1245
26
1077
376
198
363
1135
75
358
266
439
389
192
1313
611
621
103
1506
1041
391
473
188
1395
2367
1014
456
187
225
795
570
1947
820
463
584
424
2621
15
606
11
62
1668
262
617
677
2076
217
827
591
445
436
322
187
333
1782
345
293
1662
130
219
924
647
323
13
164
289
1018
1006
697
812
657
2725
331
15
281
1027
212
568
532
880
196
656
546
371
627
1109
497
1009
555
234
852
608
617
30
309
553
551
255
481
14
190
654
665
555
692
692
1172
957
323
1028
1111
2200
1395
391
629
290
421
11
380
1121
232
961
450
189
2288
14
162
600
171
467
299
238
2499
1275
709
201
314
394
1031
451
602
635
379
609
765
187
369
188
11
622
896
581
439
518
187
219
970
297
1139
258
275
370
333
308
15
1812
187
1380
1058
519
265
198
333
448
188
561
2160
334
612
315
527
952
473
511
224
279
615
218
1244
194
1226
579
941
1213
428
952
220
463
308
934
233
560
447
1704
168
513
194
323
613
708
26
370
596
605
309
546
162
65
346
301
16
70
636
421
585
44
351
493
834
2141
1362
517
238
833
219
193
10
14
41
710
631
256
935
602
163
219
107
353
917
646
511
161
450
185
515
14
189
711
710
1053
417
325
410
362
481
290
421
257
615
2032
1243
830
754
326
337
307
580
487
993
200
657
705
41
522
437
1156
608
966
979
642
257
259
452
300
1003
67
636
505
260
578
620
704
317
291
266
498
1023
656
491
843
561
407
9
348
1326
414
1752
585
470
410
218
479
341
15
335
328
307
363
163
1125
526
356
296
565
39
16
652
567
83
1647
331
371
675
944
290
590
230
237
592
392
486
67
798
645
587
574
683
303
485
360
439
449
236
653
578
189
334
288
549
201
1682
335
429
459
332
860
956
9
231
545
485
595
436
460
858
14
467
41
1677
295
466
700
367
334
611
550
309
14
650
308
320
1094
1198
556
297
654
1001
2106
333
608
1478
11
3693
40
928
10
333
621
65
374
447
10
35
409
103
69
759
329
1093
295
1164
464
900
20
213
263
886
186
621
1918
492
266
304
542
443
163
11
165
194
871
289
234
393
486
575
726
624
480
11
864
1276
610
194
617
899
17
741
312
650
446
979
710
257
1349
66
398
249
15
309
265
1572
765
834
567
263
1126
11
254
288
1456
217
278
294
743
230
927
198
1012
194
10
51
448
451
15
2948
332
189
39
723
513
199
416
355
824
876
410
1091
191
1549
16
220
830
9
714
220
9
707
323
969
430
976
42
537
438
231
726
466
918
923
550
525
187
67
523
323
490
604
302
369
10
898
429
289
15
256
463
1094
13
284
246
65
189
344
420
1315
302
972
193
430
445
726
285
459
199
716
359
335
95
444
215
41
544
886
188
735
308
416
445
65
410
735
75
593
42
266
518
536
917
1332
849
371
395
687
896
236
195
615
296
256
309
23
942
1319
260
240
252
18
8
614
652
15
583
340
851
64
1296
584
1089
299
515
16
1058
16
161
998
494
298
195
42
15
1410
187
701
503
19
223
262
158
579
572
231
254
230
1326
265
1063
799
517
10
490
568
1018
310
597
220
371
395
1455
164
9
628
443
17
544
538
1022
586
1478
457
172
600
848
328
418
1410
566
64
471
512
332
470
873
1427
289
636
1118
631
335
579
745
461
567
64
189
434
550
10
1674
334
429
572
795
1508
318
534
546
1274
19
10
871
62
66
9
370
613
887
581
274
1360
11
66
544
1116
13
547
77
629
158
552
1664
1268
1411
507
368
622
459
342
469
336
598
296
605
1156
452
16
486
16
161
578
378
209
634
568
396
842
2789
446
1207
416
576
329
597
616
290
385
1632
64
1770
1369
19
257
519
927
412
1063
488
388
1130
161
25
1012
578
696
470
66
607
2337
1393
924
341
234
193
910
562
1070
66
665
804
304
319
230
1796
1444
10
898
2674
610
14
285
294
22
40
478
195
996
1254
1467
552
724
26
419
804
553
471
298
297
40
218
292
296
310
332
292
437
918
268
28
485
310
549
288
190
504
41
430
1042
314
306
75
14
337
1775
1352
592
972
365
548
1480
398
452
301
612
216
328
511
189
491
343
1516
10
189
553
445
497
463
43
162
254
395
870
411
40
2435
849
626
41
217
412
255
1007
410
562
356
517
340
243
218
404
10
257
78
308
501
552
371
448
257
475
108
1349
442
341
401
375
17
43
327
666
41
261
1330
12
289
555
658
741
10
696
487
231
638
331
288
905
452
464
1193
1256
475
104
42
385
860
1853
603
193
231
14
400
1322
1123
13
69
396
504
783
898
609
69
456
620
1705
391
1883
41
1192
434
903
365
479
958
10
645
368
863
1810
14
810
618
537
