296
104
108
373
840
209
205
12
707
164
121
694
3578
11
328
9
334
17
417
309
12
301
221
281
196
154
212
176
336
12
330
11
1320
260
193
135
285
103
323
306
262
293
278
14
388
600
220
570
219
596
12
236
396
148
13
106
319
12
17
605
206
666
13
277
13
14
258
29
399
15
373
192
43
166
106
107
293
275
14
15
17
229
18
610
9
151
292
14
145
550
14
10
12
214
219
285
568
215
173
158
162
162
739
108
14
415
124
412
542
313
719
447
497
153
17
822
10
16
12
692
152
412
14
213
397
315
587
141
11
1180
287
299
470
150
136
12
14
911
121
105
14
15
26
12
810
111
375
357
422
14
15
577
334
1093
12
300
130
278
155
10
11
29
577
434
295
226
155
212
17
17
296
2059
14
105
492
903
29
15
295
605
292
199
1523
158
414
10
212
272
311
907
106
868
228
194
2954
669
14
18
21
13
627
177
15
290
823
305
120
125
306
107
16
312
194
206
286
120
426
307
164
12
313
14
316
455
25
901
1436
122
112
169
276
332
111
118
302
353
306
582
177
201
298
11
232
13
295
11
116
279
165
223
509
327
625
283
11
182
307
235
12
106
905
14
18
18
41
18
608
332
370
115
17
308
40
558
121
131
209
330
825
104
462
579
15
20
572
12
227
106
224
271
200
117
272
554
166
347
373
288
13
632
572
353
319
13
38
298
3143
106
14
16
17
589
120
13
283
203
182
11
309
10
417
291
481
11
729
12
12
150
293
162
156
224
15
194
15
152
579
15
121
120
280
11
156
298
160
10
293
282
120
26
618
387
18
15
307
15
320
18
166
594
12
532
120
488
539
145
357
604
27
104
986
21
214
404
29
18
284
726
621
12
16
17
342
192
30
211
11
693
699
306
312
217
105
14
156
590
582
100
532
153
710
16
14
298
107
553
304
384
298
231
214
299
510
296
336
868
308
104
493
13
156
904
562
686
568
679
17
714
1873
230
16
18
388
409
16
167
13
17
10
168
30
108
323
607
354
15
638
595
594
305
104
16
13
222
24
425
408
17
15
15
16
140
15
582
10
145
172
676
13
227
13
153
171
589
417
124
107
154
15
620
108
120
385
13
14
13
445
334
116
967
215
190
428
213
153
15
12
13
337
261
295
16
15
481
382
14
196
155
10
122
18
13
15
226
276
282
738
535
163
191
300
16
335
218
10
227
296
171
17
629
14
142
17
17
345
17
220
259
300
228
193
194
863
283
11
522
13
304
897
548
285
116
19
708
503
583
308
447
553
338
594
167
15
13
213
694
318
166
27
25
590
421
428
275
213
23
296
103
282
103
14
14
303
11
284
102
359
121
558
16
20
16
120
292
16
528
284
231
116
14
12
636
191
328
274
15
16
108
578
210
195
269
680
19
18
254
235
193
17
319
15
320
306
833
273
15
302
284
398
27
26
900
119
771
279
448
114
184
585
315
553
198
311
27
11
116
17
210
17
995
158
16
253
193
120
440
337
293
592
600
426
1008
708
17
13
586
160
20
11
624
145
1697
218
274
252
675
410
287
318
295
313
14
16
112
161
132
13
409
557
655
194
516
119
314
14
115
105
907
115
204
298
12
609
108
288
438
16
14
298
213
1172
289
551
118
18
125
802
399
153
319
396
13
572
213
17
261
288
637
14
15
12
298
158
12
574
12
16
15
528
207
14
250
13
15
211
14
295
681
213
687
13
103
15
18
15
13
150
140
15
145
1146
581
146
275
151
193
105
291
1035
278
16
405
293
301
149
23
552
633
13
13
10
292
331
12
452
294
359
155
387
707
441
122
292
338
15
300
289
15
323
112
36
663
115
290
18
274
296
584
12
45
579
110
120
615
13
192
15
305
148
550
121
529
961
364
565
528
12
103
14
15
12
102
405
634
14
352
572
579
15
12
102
118
11
413
111
525
223
318
17
372
263
11
159
308
108
336
648
112
11
636
13
370
305
170
145
103
15
16
107
581
309
194
156
18
800
679
316
45
822
271
165
330
279
16
145
113
680
15
194
140
13
714
150
13
301
18
12
118
733
15
278
15
619
212
150
239
555
332
306
128
474
400
307
21
633
124
260
716
45
898
14
298
676
504
259
13
15
109
281
383
779
191
697
331
117
159
20
144
589
17
150
296
13
118
110
347
16
306
208
14
339
285
599
111
16
430
24
214
122
620
540
16
697
110
153
536
643
17
20
15
117
17
12
120
15
306
173
18
296
118
16
693
217
13
14
1147
337
596
15
13
155
494
280
215
404
1204
204
14
586
14
908
685
169
681
277
345
229
16
118
306
306
17
138
106
12
160
394
29
371
16
585
130
161
809
579
739
266
186
290
164
287
28
151
143
598
284
29
153
16
136
16
121
335
641
169
11
156
13
571
224
118
293
152
216
531
590
12
255
293
258
281
154
415
16
16
153
156
118
307
18
13
199
14
120
11
102
13
26
620
14
142
15
26
294
1815
580
164
324
299
226
39
498
16
121
215
106
408
211
532
13
115
2909
155
293
348
109
101
214
621
192
194
15
122
14
149
306
313
549
309
108
359
343
584
311
120
118
159
282
419
212
14
13
105
103
305
379
108
205
294
306
104
2533
927
17
14
14
510
151
29
181
303
13
12
296
191
291
664
157
452
212
17
302
308
247
627
121
19
16
16
16
355
217
262
15
15
169
14
18
638
336
224
162
217
296
330
10
824
420
144
165
425
725
12
167
13
129
318
14
285
112
332
16
295
18
213
122
202
13
308
14
192
220
19
160
13
258
14
431
17
232
15
17
131
707
556
193
640
29
239
319
14
868
284
18
17
16
120
16
16
298
107
16
153
17
205
21
224
602
117
160
19
621
271
343
107
921
121
291
179
67
121
611
15
16
261
227
16
166
12
295
770
15
15
170
36
17
22
313
27
212
119
430
15
638
260
358
114
213
291
171
322
23
226
61
299
317
617
473
14
14
294
115
275
117
15
352
15
391
12
536
17
619
230
311
259
454
157
308
1119
320
171
16
8
18
307
324
195
624
351
103
407
297
191
260
279
16
809
297
12
457
111
294
448
163
15
26
278
13
610
213
141
613
310
294
153
618
13
526
220
12
304
309
343
640
286
228
597
80
228
12
390
679
20
434
15
514
386
547
192
1533
344
294
148
330
276
16
16
199
633
25
1697
588
15
16
15
541
13
30
293
205
367
646
217
505
608
578
977
13
548
308
494
305
557
183
430
15
138
225
313
261
727
13
115
12
14
283
158
306
108
106
581
272
12
17
18
107
282
103
280
19
17
546
15
503
154
624
690
15
110
636
12
309
267
962
156
15
314
101
307
713
22
11
2904
258
284
198
16
12
121
13
16
424
152
12
584
561
1286
21
108
18
591
115
601
107
1254
623
162
122
348
25
315
101
585
248
193
104
576
695
439
776
213
175
133
121
154
311
265
12
298
345
367
153
160
160
690
16
284
109
138
16
403
653
566
258
211
18
248
597
123
228
351
282
15
13
3826
597
2084
422
378
386
103
107
515
20
148
111
392
19
225
11
213
14
148
9
14
223
25
215
28
119
31
322
567
145
13
108
546
921
631
11
744
27
209
301
110
172
229
1131
483
621
451
302
109
150
261
291
15
244
570
281
296
578
15
153
16
25
27
150
301
200
14
147
451
106
577
168
193
224
15
2322
229
259
119
13
309
829
11
13
502
304
216
611
195
17
308
119
16
228
488
905
597
16
162
117
26
107
202
13
438
712
18
361
14
13
18
15
108
109
118
20
172
529
17
1051
288
106
151
107
106
395
106
349
203
184
127
16
165
122
17
326
610
561
665
321
15
15
223
346
306
12
122
14
470
233
340
318
12
210
14
635
17
15
249
13
255
101
126
619
225
14
17
215
209
734
409
616
625
18
15
174
14
115
153
192
156
14
549
291
856
12
62
3474
9
11
969
16
622
123
151
150
12
219
12
121
105
299
13
394
183
117
154
393
15
117
107
19
13
142
15
27
190
614
587
590
600
221
116
477
624
308
280
188
549
13
534
640
440
108
298
306
13
160
15
203
1015
298
718
192
611
1453
13
265
120
452
139
17
565
628
304
182
110
355
193
115
12
139
308
213
645
158
159
12
184
12
11
156
752
13
288
117
623
392
24
193
13
677
966
13
15
12
145
194
294
168
13
15
386
160
277
106
487
16
21
248
216
576
646
202
119
334
163
420
610
301
110
16
17
121
12
172
457
306
870
292
333
635
193
216
331
119
105
213
281
133
141
523
223
118
973
308
352
327
207
109
711
308
763
141
299
703
119
386
201
118
112
218
602
14
261
466
108
119
17
141
110
370
1289
16
121
291
15
901
18
12
17
227
121
619
233
163
24
218
12
185
477
811
107
160
419
311
13
194
171
619
145
157
131
16
281
342
148
745
17
160
599
322
1084
226
589
169
532
116
25
296
152
609
111
410
17
885
12
1403
328
270
609
199
561
783
588
214
158
127
163
479
16
371
141
293
21
294
565
359
323
128
120
3369
144
14
156
571
26
288
1701
109
212
715
621
115
584
220
103
118
286
16
103
17
14
587
305
1170
409
283
13
169
606
188
108
762
114
725
18
10
916
542
25
332
108
296
13
214
12
111
170
287
280
19
329
579
15
696
117
214
25
357
294
130
14
17
581
120
285
389
301
241
142
15
116
165
14
605
172
219
292
10
317
19
142
11
107
14
379
17
884
557
15
231
106
512
15
124
276
214
17
28
446
320
158
517
461
257
286
31
417
271
16
320
145
157
592
129
160
101
202
130
617
27
625
205
124
117
394
15
209
120
20
120
594
165
189
1512
242
263
310
217
928
553
120
154
565
396
193
182
173
209
192
13
235
574
447
389
152
12
697
289
106
14
325
192
316
556
303
214
113
15
779
13
316
305
272
310
215
304
114
8
17
21
1118
372
160
385
121
690
11
17
341
587
421
321
165
128
105
234
15
191
474
15
327
12
18
714
24
1215
317
210
901
285
175
14
158
119
260
281
334
14
602
115
338
318
14
17
217
27
10
126
142
17
402
15
297
302
109
17
673
15
18
113
17
18
150
1047
12
299
1155
661
608
1168
124
208
551
281
191
310
13
16
120
12
448
16
1424
118
323
11
630
400
296
224
13
14
318
21
261
200
13
290
13
8
375
167
107
194
15
209
150
325
794
590
362
291
285
15
615
15
233
15
999
111
669
113
318
14
156
15
296
934
303
532
12
585
13
309
18
912
305
191
129
674
11
629
17
201
311
12
18
194
15
418
252
200
293
287
27
119
102
182
16
113
560
192
17
16
16
254
313
122
244
261
185
784
699
590
347
785
119
297
213
501
315
14
12
151
342
327
279
219
131
277
153
13
28
704
13
903
296
251
299
16
165
12
122
119
17
14
478
13
164
118
287
615
485
438
309
13
1473
12
125
683
113
11
478
13
137
149
1675
16
375
367
439
1069
995
321
377
150
30
104
104
16
113
335
191
986
16
281
113
618
17
627
27
185
15
269
185
26
881
239
16
458
189
100
328
119
1405
119
121
150
284
190
206
117
14
218
224
151
17
26
13
192
587
132
402
690
330
159
107
939
732
869
18
596
395
595
280
212
11
16
591
15
552
632
18
914
687
308
310
17
15
233
150
127
434
151
117
16
124
25
544
217
229
417
16
120
273
298
116
156
414
404
366
15
323
376
375
426
117
118
221
151
666
157
12
560
281
2328
166
18
119
205
14
234
296
109
203
117
15
21
14
214
122
192
302
17
406
18
15
12
18
15
16
477
120
14
298
192
328
149
178
116
397
663
204
17
121
530
310
104
15
558
218
105
610
15
431
278
13
222
152
153
14
17
341
283
174
217
483
17
13
924
103
16
466
14
586
372
142
292
20
292
15
12
745
111
14
13
156
15
102
604
576
858
304
598
408
701
15
14
599
12
1013
16
216
327
585
308
331
496
698
124
17
400
299
576
428
15
297
569
171
168
328
503
12
15
1065
120
10
136
161
310
13
151
417
494
523
119
1412
15
108
302
13
310
164
297
305
589
705
102
21
604
432
25
640
109
183
17
281
25
215
292
117
118
14
222
527
265
15
891
155
123
585
321
375
258
13
295
25
107
305
327
594
705
495
673
579
107
15
152
308
307
262
599
198
476
514
283
120
27
153
152
567
189
1248
258
310
418
280
148
12
313
193
1145
426
113
161
207
33
667
18
291
252
9
613
297
414
117
152
533
18
1876
191
180
624
16
695
296
195
765
385
14
299
119
165
570
17
21
250
168
20
14
796
631
426
190
261
767
268
293
966
710
202
197
677
571
106
16
262
1007
151
117
11
292
565
1098
244
315
442
15
252
13
15
12
17
148
230
25
1339
440
12
12
428
15
193
305
133
435
105
13
175
365
13
347
751
119
12
318
108
551
13
310
16
118
17
546
15
310
596
20
121
307
15
16
231
153
117
108
120
13
195
695
17
112
139
291
100
234
319
1067
425
29
170
284
14
11
111
291
18
165
173
612
151
194
317
31
736
16
311
135
143
257
16
29
18
121
402
15
389
16
249
279
109
127
600
1077
19
248
17
112
139
330
14
12
15
152
694
16
192
154
119
154
12
358
197
326
589
951
170
169
12
260
857
316
25
18
124
117
1128
119
379
13
15
14
107
681
20
20
203
413
597
121
13
265
16
16
288
226
307
251
398
25
164
683
292
157
14
607
213
109
12
610
410
308
290
677
318
117
278
897
176
15
407
107
125
305
292
230
378
291
17
191
753
213
160
343
743
14
16
151
18
15
15
292
689
304
118
336
206
354
279
556
598
15
346
379
102
319
202
362
15
245
439
214
146
217
156
14
16
591
335
16
388
406
12
243
10
365
297
526
1289
18
109
157
29
267
153
1267
192
630
438
214
600
626
106
105
575
1681
195
109
16
14
184
213
215
276
108
294
423
123
243
12
385
284
208
296
173
308
318
672
17
104
15
456
320
575
252
225
328
212
19
16
14
557
229
14
119
155
249
15
12
596
139
317
295
295
20
982
17
194
190
15
708
17
12
17
227
100
17
159
139
25
440
150
16
222
118
192
190
29
16
400
14
149
597
304
234
626
152
15
625
445
2333
588
257
13
1181
14
620
294
479
105
303
15
896
153
232
287
272
625
597
16
16
19
219
299
569
302
614
13
12
318
14
31
480
118
13
218
214
618
12
121
110
13
19
11
627
19
119
281
361
404
161
16
590
118
102
622
147
13
109
203
298
158
12
13
641
16
25
173
384
16
223
124
32
18
157
119
15
117
447
1067
118
102
16
303
2613
17
543
1150
155
257
125
382
28
223
151
307
17
359
150
649
356
522
253
167
720
311
209
260
15
1054
556
17
149
159
551
305
288
645
107
13
15
12
27
152
295
293
152
12
287
117
17
16
438
139
260
15
299
261
157
14
168
312
287
29
20
168
384
233
151
580
147
140
324
324
208
131
11
114
15
191
294
566
235
208
627
12
307
13
115
15
219
108
329
371
13
997
322
394
448
306
822
230
166
105
120
228
442
21
12
25
221
162
642
203
15
346
214
623
13
197
15
165
999
107
562
15
964
577
19
574
126
121
13
578
162
16
18
230
560
134
413
116
463
210
16
563
230
216
212
797
714
247
312
514
1571
148
459
765
320
15
11
28
12
17
167
16
299
727
152
760
19
284
327
2203
110
278
30
16
312
117
276
13
395
18
284
274
13
613
254
15
218
595
199
588
1771
16
14
16
116
407
192
213
14
176
309
14
225
18
296
375
15
224
202
192
14
642
308
568
681
15
276
17
221
25
215
413
322
183
259
13
210
15
19
624
295
274
195
151
217
265
316
191
130
167
289
21
298
10
689
489
314
647
421
326
147
210
16
1441
226
508
145
174
375
413
14
14
324
164
592
172
119
16
13
12
108
239
125
17
12
107
12
258
118
32
433
15
16
501
277
569
194
191
112
107
551
116
192
280
487
193
268
625
115
26
580
243
148
406
15
221
232
27
557
14
12
15
114
16
307
211
159
573
152
159
201
193
1011
430
287
481
577
294
306
11
121
12
208
307
329
13
17
118
388
28
602
420
1239
547
298
16
13
28
152
335
237
153
305
126
107
554
15
801
319
280
152
385
297
600
211
569
214
185
325
605
295
154
676
120
13
167
513
104
275
12
117
711
111
707
16
672
585
619
307
149
151
730
118
626
295
275
27
12
599
734
318
309
14
393
581
212
535
13
296
13
15
14
287
16
26
115
424
308
202
163
119
212
1611
985
18
605
671
27
28
15
128
26
163
14
924
142
214
295
617
334
431
316
192
106
288
203
127
291
16
15
16
306
304
619
28
14
329
141
14
733
339
20
122
16
204
574
163
105
12
115
226
191
18
18
311
289
19
629
20
16
257
29
158
193
425
11
325
16
103
118
289
14
143
216
10
116
278
208
450
1163
14
207
120
16
205
28
17
160
168
441
319
10
157
610
248
13
1119
122
15
296
15
161
124
133
279
262
156
117
17
979
17
18
633
120
345
14
13
528
17
1295
299
254
10
218
24
112
302
329
402
387
340
316
225
679
17
119
17
194
246
329
151
12
291
619
12
24
549
249
57
114
13
15
20
930
689
18
120
230
11
103
311
14
695
13
113
702
593
122
119
118
227
201
153
218
348
296
105
340
119
332
30
119
309
2227
626
130
13
255
222
280
941
118
350
280
276
840
109
192
13
105
543
114
301
287
605
342
657
161
205
134
155
12
310
1045
12
24
636
110
14
245
238
930
13
12
15
161
616
281
304
721
558
107
16
107
609
190
383
203
211
101
206
289
117
152
58
243
590
219
213
410
604
395
17
123
376
294
16
301
15
26
192
322
216
119
368
449
304
156
546
548
329
623
20
152
103
12
13
107
310
12
533
233
199
609
13
106
319
19
283
252
15
616
538
684
108
322
187
600
526
296
631
126
403
230
16
114
14
13
17
319
443
167
313
15
16
564
15
384
14
13
191
124
115
17
1139
150
274
293
492
14
105
111
197
13
295
671
272
321
128
425
470
168
123
144
121
620
108
152
116
300
391
402
317
216
589
12
177
178
426
13
284
210
564
123
412
13
158
546
313
16
15
312
307
107
553
25
247
108
16
17
13
303
158
62
18
299
278
358
306
263
150
118
14
150
8
16
152
315
150
12
152
192
18
121
123
294
309
306
744
19
283
107
213
19
14
194
419
603
106
25
160
122
231
16
212
14
296
924
681
191
180
152
9
162
402
15
225
164
369
410
17
221
203
620
192
185
9
333
155
164
210
123
208
16
191
258
117
289
116
309
211
13
26
214
616
15
308
276
113
192
7
14
597
14
904
284
212
15
32
117
189
11
120
155
165
221
14
291
343
260
18
279
14
15
152
280
21
1584
305
199
359
515
17
167
123
26
362
13
349
19
258
298
592
343
214
14
213
149
321
461
225
283
294
15
105
13
561
111
609
156
191
308
368
306
620
7
13
13
108
300
334
209
486
18
236
14
620
248
214
309
168
215
283
275
13
19
153
113
14
308
584
142
230
277
629
372
306
194
564
9
1895
25
608
9
15
225
16
319
230
8
294
171
15
107
316
14
1095
15
692
162
298
25
113
15
665
13
421
274
346
105
14
539
226
122
13
14
21
403
296
150
161
513
297
311
153
211
13
418
301
308
14
347
622
13
309
15
201
152
323
179
14
1349
308
111
132
15
295
124
312
205
293
554
15
313
19
170
23
32
16
113
174
694
17
258
108
115
18
257
161
14
215
19
290
119
17
15
191
110
105
14
258
217
427
114
290
38
295
15
30
547
9
308
29
8
299
27
612
294
503
120
263
212
14
586
172
532
304
303
299
16
18
298
14
153
193
25
14
10
292
190
150
14
158
207
421
15
164
108
27
12
124
394
108
27
676
18
320
163
289
120
300
286
243
207
102
67
173
29
310
283
596
14
15
321
132
361
16
195
254
28
28
151
118
218
194
547
739
274
178
327
226
150
149
17
297
23
154
29
155
152
688
14
13
148
14
7
13
258
16
306
211
561
12
283
297
681
13
119
16
826
201
11
278
218
15
112
156
19
552
15
122
201
17
211
25
108
305
221
158
406
14
570
13
296
304
186
9
109
286
300
170
315
16
150
354
805
16
138
294
211
15
551
302
515
490
154
310
17
292
280
157
205
297
124
114
204
249
241
314
362
302
150
298
550
293
909
13
355
169
412
13
161
204
550
7
1494
16
293
298
118
1011
308
358
279
306
19
8
594
115
14
9
16
325
591
295
12
516
10
119
243
276
14
548
28
337
115
283
614
495
773
14
110
310
224
165
182
307
292
18
193
603
213
15
282
16
15
297
152
165
320
313
199
124
769
302
565
116
716
25
312
342
12
437
682
28
306
505
14
13
174
296
1590
331
197
170
600
15
14
684
328
221
226
19
192
912
573
582
125
13
153
2450
282
674
344
552
297
15
219
15
416
608
10
220
790
309
16
106
159
18
160
167
8
15
846
602
555
214
16
154
360
295
281
149
125
17
17
142
14
13
119
15
169
489
17
201
208
150
297
449
121
202
108
408
206
15
256
19
110
166
305
687
305
406
117
553
597
164
16
12
315
221
411
299
18
310
13
906
307
15
284
14
172
223
16
16
15
285
312
193
25
282
410
557
212
109
16
14
542
219
302
14
220
108
289
10
173
12
156
224
274
236
314
163
14
17
299
16
546
106
271
244
224
14
14
16
454
16
17
930
15
14
3065
329
331
308
13
299
119
105
15
163
27
2319
12
212
239
300
225
110
214
225
284
622
194
13
14
17
344
584
622
10
17
186
206
154
154
822
121
219
296
413
240
890
108
341
210
272
124
117
386
13
215
162
291
1083
105
260
239
587
